1hhs_A-cyst	1	12	73	86	130	137
1nb7_A-hepc	1	12	66	79	99	106
2cjq_A-pest	1	12	64	77	105	112
2ijd_2-poli	1	12	59	72	96	103
3avt_A-qbta	1	12	53	66	86	93
3bso_A-noro	1	12	62	75	102	109
3zed_A-birv	15	26	87	100	1	8
4ieg_A-cyst	1	12	75	88	121	128
4q7j_G-qbta	1	12	53	66	86	93
4xha_A-tavp	19	30	91	104	1	8
5amr_A-buny	1	12	87	100	128	135
5ccv_A-flav	1	12	71	84	131	138
6klc_A-aren	1	12	96	109	132	139
6po2_A-reov	1	12	131	144	170	177
6r1i_A-pico	1	12	60	73	96	103
6u5o_L-mono	1	12	79	92	111	118
7c2k_A-coro	1	12	68	81	143	150
3mmp_G-qbta	1	12	53	66	86	93